6 6 6 6 6 6 6 6 6 6 6 6 6 6 6 6 6 6 6 6
6 6 6 6 6 6 6 1 1 1 1 1 1 1 6 6 6 6 6 6
6 6 6 6 6 6 6 1 1 1 3 1 1 1 6 6 6 6 6 6
6 6 6 6 6 6 6 1 x 1 3 1 1 6 6 6 6 6 6 6
6 6 6 6 6 6 6 1 1 1 1 1 1 6 6 6 6 6 6 6
6 6 6 6 6 6 6 1 6 6 6 6 1 6 6 6 6 6 6 6
6 6 6 6 6 6 6 1 6 6 6 6 1 6 6 6 6 6 6 6
6 6 6 6 6 6 6 1 6 1 1 1 1 6 6 6 6 6 6 6
6 6 6 6 1 1 1 1 1 6 6 6 1 1 1 6 6 6 6 6
6 6 6 6 1 6 6 6 6 1 1 6 6 6 1 1 6 6 6 6
6 6 6 6 1 6 6 6 6 1 1 6 6 6 1 6 6 6 6 6
6 6 6 6 1 6 6 6 6 1 1 1 1 1 1 6 6 6 6 6
6 6 6 6 1 1 1 1 1 1 6 1 1 6 6 6 6 6 6 6
6 6 6 6 6 6 6 6 6 6 6 6 6 6 6 6 6 6 6 6
6 6 6 6 6 6 6 6 6 6 6 6 6 6 6 6 6 6 6 6
6 6 6 6 6 6 6 6 6 6 6 6 6 6 6 6 6 6 6 6
6 6 6 6 6 6 6 6 6 6 6 6 6 6 6 6 6 6 6 6
6 6 6 6 6 6 6 6 6 6 6 6 6 6 6 6 6 6 6 6
6 6 6 6 6 6 6 6 6 6 6 6 6 6 6 6 6 6 6 6
6 6 6 6 6 6 6 6 6 6 6 6 6 6 6 6 6 6 6 6
